1 1 0 0.1
2 2 -0.5 0.1
3 2 0.5 0.1
4 6 -0.5 0.1
5 6 0.5 0.1
6 6 0 0.1

10 6 1 -0.1
11 6 -1 -0.1
12 6 1.5 -0.5
13 6 1.5 -1.5
14 6 1 -2.1
15 6 -1 -2.1 
16 6 -1.5 -1.5
17 6 -1.5 -0.5

18 12 1 -0.1
19 12 -1 -0.1
20 12 1.5 -0.5
21 12 1.5 -1.5
22 12 1 -2.1
23 12 -1 -2.1 
24 12 -1.5 -1.5
25 12 -1.5 -0.5

26 6 0.7 0.4
27 6 -0.7 0.4
28 6 0.7 -0.1
29 6 -0.7 -0.1
30 12 0.7 0.4
31 12 -0.7 0.4
32  12 0.7 -0.1
33 12 -0.7 -0.1

34 12 0.6 0.3
35 12 -0.6 0.3
36 12 0.6 -0.1
37 12 -0.6 -0.1

38 10.5 0.6 0.3
39 10.5 -0.6 0.3
40 10.5 0.6 -0.1
41 10.5 -0.6 -0.1

42 6 1 -0.2
43 6 -1 -0.2
44 6 1.4 -0.5
45 6 1.4 -1.5
46 6 1 -2
47 6 -1 -2
48 6 -1.4 -1.5
49 6 -1.4 -0.5
50 12 1 -0.2
51 12 -1 -0.2
52 12 1.4 -0.5
53 12 1.4 -1.5
54 12 1 -2
55 12 -1 -2
56 12 -1.4 -1.5
57 12 -1.4 -0.5



84 11 -1.5 -0.8
85 11.5 -1.5 -0.8
86 11 -1.5 -1.3
87 11.5 -1.5 -1.3
88 11.25 -1.8 -1

89 10 -1.5 -0.8
90 10.5 -1.5 -0.8
91 10 -1.5 -1.3
92 10.5 -1.5 -1.3
93 10.25 -1.8 -1

94 9 -1.5 -0.8
95 9.5 -1.5 -0.8
96 9 -1.5 -1.3
97 9.5 -1.5 -1.3
98 9.25 -1.8 -1

99 8 -1.5 -0.8
100 8.5 -1.5 -0.8
101 8 -1.5 -1.3
102 8.5 -1.5 -1.3
103 8.25 -1.8 -1

104 7 -1.5 -0.8
105 7.5 -1.5 -0.8
106 7 -1.5 -1.3
107 7.5 -1.5 -1.3
108 7.25 -1.8 -1


109 6 0.6 0.3
110 6 -0.6 0.3
111 6 0.6 -0.1
112 6 -0.6 -0.1
113 6.5 0.6 0.3
114 6.5 -0.6 0.3
115 6.5 0.6 -0.1
116 6.5 -0.6 -0.1

117 11 -0.7 0.3
118 11 -1 -0.1
119 11.5 -0.7 0.3
120 11.5 -1 -0.1
121 11.5 -0.7 -0.1
122 11 -0.7 -0.1

123 7 -0.7 0.3
124 7 -1 -0.1
125 7.5 -0.7 0.3
126 7.5 -1 -0.1
127 7.5 -0.7 -0.1
128 7 -0.7 -0.1

129 7 0.7 0.3
130 7 1 -0.1
131 7.5 0.7 0.3
132 7.5 1 -0.1
133 7.5 0.7 -0.1
134 7 0.7 -0.1

135 11 0.7 0.3
136 11 1 -0.1
137 11.5 0.7 0.3
138 11.5 1 -0.1
139 11.5 0.7 -0.1
140 11 0.7 -0.1

141 10.5 0.2 0.3
142 10.5 0.5 0.3

143 8.5 -0.2 0.3
144 8.5 -0.5 0.3

145 10.5 -0.2 0.3
146 10.5 -0.5 0.3

147 8.5 0.2 0.3
148 8.5 0.5 0.3

149 8.5 0.2 0.3
150 8.5 0.5 0.3

151 6.5 -0.2 0.3
152 6.5 -0.5 0.3

153 8.5 -0.2 0.3
154 8.5 -0.5 0.3

155 6.5 0.2 0.3
156 6.5 0.5 0.3

157 6 0.1 -2.1 
158 12 0.1 -2.1 

159 6.5 0.6 -0.1
160 6.5 -0.6 -0.1

161 6.5 0.6 0.4
162 6.5 -0.6 0.4

163 6 0.6 0.4
164 6 -0.6 0.4

165 6 0.7 0.1
166 6 -0.7 0.1

167 6 0.5 0
168 12 0.5 0

169 6 -0.5 0
170 12 -0.5 0

171 6 0.1 0
172 12 0.1 0

173 6 -0.1 0
174 12 -0.1 0




175 13 5 -3.2
176 13 -5 -3.2
177 0 5 -3.2
178 0 -5 -3.2



179 13 4 -3.3
180 13 -4 -3.3
181 0 4 -3.3
182 0 -4 -3.3







183 6 -0.1 -2.1 
184 12 -0.1 -2.1

185 6 0.1 -2
186 12 0.1 -2

187 6 -0.1 -2
188 12 -0.1 -2

189 6.5 1.51 -0.8
190 6.6414 1.51 -0.8586
191 6.7 1.51 -1
192 6.6414 1.51 -1.1414
193 6.5 1.51 -1.2
194 6.3586 1.51 -1.1414
195 6.3 1.51 -1
196 6.3586 1.51 -0.8586

197 6.5 1.6 -0.8
198 6.6414 1.6 -0.8586
199 6.7 1.6 -1
200 6.6414 1.6 -1.1414
201 6.5 1.6 -1.2
202 6.3586 1.6 -1.1414
203 6.3 1.6 -1
204 6.3586 1.6 -0.8586

205 6.3939 1.6 -0.1 
206 6.6061 1.6 -0.1 
207 7 1.6 1 

208 6.3939 1.5 -0.1 
209 6.6061 1.5 -0.1 
210 7 1.5 1 

211 6.3939 1.6 -1.9
212 6.6061 1.6 -1.9 
213 7 1.6 -3.1514 

214 6.3939 1.5 -1.9
215 6.6061 1.5 -1.9 
216 7 1.5 -3.1514 

217 7 1.6 -1

700 6 2 -0.8586

1200 9.5 0 0.3
1201 9.5 0 0.1

1202 7.5 0 0.3
1203 7.5 0 0.1

1204 5.99 1.5 -1.5
1205 12.1 1.5 -1.5

1206 5.99 -1.5 -1.5
1207 12.1 -1.5 -1.5

1208 6.3586 1.65 -1.1414
1209 6.3586 1.45 -1.1414

1210 6.3586 1.65 -0.8586
1211 6.3586 1.45 -0.8586


Faces:

1 2 4 6. 6 4 2 1.
1 3 5 6. 6 5 3 1.

10 11.
10 12.
12 13.
13 14.
14 157.
183 15.
15 16.
16 17.
17 11.

18 19.
18 20.
20 21.
21 22.
22 158.
184 23.
23 24.
24 25.
25 19.

18 10 12 20.
20 12 10 18.

20 -12 13 -21.
21 -13 12 -20.

21 13 14 22.
22 14 13 21.

23 -22 14 -15.
15 -14 22 -23.


158 22 14 157.
157 14 22 158.

23 184 183 15.
15 183 184 23.



24 23 15 16.
16 15 23 24.




25 24 16 17.
17 16 24 25.

19 11 17 25.
25 17 11 19.

18 -10 11 19.
19 -11 10 -18.

26 27 166 165.
165 166 27 26.

27 29 33 31.
31 33 29 27.
26 28 32 30.
30 32 28 26.
30 32 33 31.
31 33 32 30.
34 35.
36 37.
38 39.
35 39.
40 41.

35 37 41 39.
39 41 37 35.

34 36 40 38.
38 40 36 34.
34 35 39 38.
38 39 35 34.

10 -42 43 -11.
11 -43 42 -10.
12 -44 42 -10.
10 -42 44 -12.
44 -12 13 -45.
45 -13 12 -44.
45 -13 14 -46.
46 -14 13 -45.
14 -46 185 157.
157 185 46 -14.
183 187 47 -15.
15 -47 187 183.
15 -47 48 -16.
16 -48 47 -15.
48 -16 17 -49.
49 -17 16 -48.
17 -49 43 -11.
11 -43 49 -17.
18 -50 51 -19.
19 -51 50 -18.
25 -57 51 -19.
24 -56 57 -25. 
23 -55 56 -24.
22 -54 186 158.
184 188 55 -23.
21 -53 54 -22.
20 -52 53 -21.
18 -50 52 -20.




85 84 88.
84 86 88.
86 87 88.
87 85 88.

90 89 93.
89 91 93.
91 92 93.
92 90 93.

95 94 98.
94 96 98.
96 97 98.
97 95 98.

100 99 103.
99 101 103.
101 102 103.
102 100 103.

105 104 108.
104 106 108.
106 107 108.
107 105 108.

-122 118 117.
-117 118 120 119.
121 -119 120.

126 127 -125.
123 -128 124.
-123 124 126 125.

129 130 134.
132 -131 133.
131 132 130 129.

137 139 138.
136 140 135.
137 138 136 135.

141 144 143 142.
142 143 144 141.

145 148 147 146.
146 147 148 145.

149 152 151 150. 
150 151 152 149.

155 154 153 156.
156 153 154 155.


157 158.



161 163 164 162.
162 164 163 161.

167 168.
169 170.
171 172.
173 174.









175 176 178 177.
177 178 176 175.
179 180 182 181.
181 182 180 179.
175 179 180 176.
176 180 179 175.
177 181 182 178.
178 182 181 177.


189 190 191 192 193 194 195 196.
196 195 194 193 192 191 190 189.

197 198 199 200 201 202 203 204.
204 203 202 201 200 199 198 197.

207 217.
217 216.
204 -198 206 207 205.
205 207 206 198 -204.

196 -190 209 210 208.
208 210 209 190 -196.

202 -200 212 213 211.
211 213 212 200 -202.


194 -192 215 216 214.
214 216 215 192 -194.

